IN 0 1
IN 1 1
IN 2 2
IN 3 2
copy(6) 8 0 -1
copy(6) 9 1 -1
copy(6) 10 2 -1
copy(6) 11 3 -1
copy(6) 12 2 -1
copy(6) 13 3 -1
8 18 8 10
8 19 9 11
6 22 18 12
6 23 19 13
copy(6) 14 22 -1
copy(6) 15 23 -1
copy(6) 10 14 -1
copy(6) 11 15 -1
copy(6) 6 10 -1
copy(6) 7 11 -1
copy(6) 6 0 -1
copy(6) 7 1 -1
copy(6) 8 2 -1
copy(6) 9 3 -1
6 14 6 8
6 15 7 9
copy(6) 10 14 -1
copy(6) 11 15 -1
copy(6) 12 10 -1
copy(6) 13 11 -1
copy(6) 8 12 -1
copy(6) 9 13 -1
copy(6) 6 6 -1
copy(6) 7 7 -1
copy(6) 8 8 -1
copy(6) 9 9 -1
14 14 6 8
14 15 7 9
copy(6) 10 14 -1
copy(6) 11 15 -1
copy(6) 14 10 -1
copy(6) 15 11 -1
copy(6) 4 14 -1
copy(6) 5 15 -1
OUT 4 1
OUT 5 1
15 16 0 0
0 17 0 0
15 12 0 0
0 13 0 0
15 12 0 0
0 13 0 0
